

FGM.lambda = 1;
FGM.h = 0.2;
FGM.r0 = 0.2;
FGM.r1 = 1;


FGM.c11 = 7.41e10;
FGM.c12 = 4.52e10;
FGM.c13 = 3.93e10;
FGM.c33 = 8.36e10;  
FGM.c44 = 1.32e10;

FGM.e31 = -0.16; 
FGM.e33 = 0.347; 
FGM.e15 = -0.138;

FGM.x11 = 8.26e-11;    
FGM.x33 = 9.03e-11;